WT	Climate	NEE	WT	Climate	CH4	WT	Climate	N2O
86	2	-6.11	98.4	3	2.8908	-85.43	1	23.54545455
82	2	8.836573	92.1	3	0.2628	-83.02	1	61.09090909
77	2	0.88823764	90	2	0.032242926	-81.7	2	0.650287475
73	3	0.422471882	90	2	0.031671098	-81	1	7.828847097
65	2	-11.75	90	2	0.022450379	-80	2	10.99
61	2	0.487129562	90	2	0.019591241	-80	2	9.17
60	3	-3.027272727	90	2	0.013730008	-80	2	3.695014663
57	2	1.66	90	2	0.01272931	-80	2	2.8525
56	2	9.691580125	87.8	2	0.140436214	-80	2	2.463343109
55	2	-0.822615474	86	2	1	-80	2	1.1725
55	2	-3.511790332	80	3	0.035359375	-79	2	0.436925593
55	2	-6.617962958	70	2	0.038625	-78.71595331	2	7.4
55	2	-8.65095054	65	2	1.01	-78.71595331	2	4.963636364
55	3	-2.863636364	60	3	0.024713542	-78.71595331	2	1.4
50	3	-3.436363636	57	2	0.86	-76.7	2	1.209090909
46.17969785	3	0.32	56	3	0.9636	-76	1	68.3
41.99456362	2	-0.788	55	2	0.563	-75	1	4.05
41.14604761	2	0.929	53.26732673	3	0.0292	-72.55	1	3.181818182
40.9	2	-0.707	50	2	0.6	-72	1	3.8
40	2	-1.418259	50	2	1.573965518	-72	1	2.4
38.05	2	-1.23407129	50	2	1.3425	-70.55	1	7.636363636
38	2	0.806551304	50	2	0.594094828	-70	1	17.16
36.11702128	3	-0.442477876	50	2	0.4725	-70	2	0.222044154
35.5	3	-11.0502144	50	2	0.296505	-67	1	7.8
34.17	2	-2.69538485	50	2	0.293478261	-67	1	5.4
32.8	1	1.060079625	50	2	0.225	-66.44	1	38.18181818
32.04582813	3	4.416	50	2	0.225	-66	2	2.990909091
31.73487427	2	2.593993079	50	2	0.07398864	-65	2	1.769190515
29.56190922	2	1.154532781	50	2	0.058181976	-61.8	2	0.394502457
29.4	2	0.287	50	1	-0.015430853	-61.4	2	60.58181818
27	2	0.33346804	50	1	0.031536	-61.11111111	2	0.27718
26	2	2.171199651	49	2	0.234470512	-60	1	59.4
26	2	-3.97	41.99456362	2	0.434	-60	1	13.6
25.94812749	2	0.297	41.14604761	2	0.521	-60	2	3.918004906
25	2	-0.00825	40.9	2	0.423	-58	2	37.1
23.33333333	2	0.252354	40	2	0.044503611	-57	2	1.167522486
23.1	2	0.678027593	39	2	0.062647627	-56.5	2	51
19.65060241	2	0.861872727	38.05	2	0.024995298	-56	3	27.6743
19	2	-0.605202123	35.38	2	0.04927029	-55	2	2.18
18.8	2	-1.661	34.17	2	0.051444848	-53.5	2	69.6
18.8	2	-3.657	34	2	0.4545	-52	1	3.6
18	3	-1.232727273	32.8	1	0.016174806	-51.6	2	0.066069818
17.03083311	3	-0.09	31.73487427	2	0.166229998	-50	1	6.2
16.7	2	0.634230915	31.14285714	2	0.066836735	-50	2	0.050139002
16.22	1	0.0548224	29.56190922	2	0.382901199	-49	1	17.2
16	2	2.025056833	29.5	2	1.99935348	-49	1	4.6
15.66	2	2.66	29.4	2	0.57	-48	1	6.003430532
15	3	-11.7	29	2	0.010584371	-47	2	-0.034045455
15	2	1.189119913	29	2	0.504	-46	1	0.708968883
15	2	0.851019511	27	2	0.060667325	-45.70776256	1	0.371726861
15	3	-0.111612095	26	2	0.387	-45.1	1	3.818181818
14	2	-3.29	26	2	0.033825553	-44.44444444	2	-0.024512727
14	2	-5.28	25.94812749	2	0.57	-43.8	2	0.34922024
13.15959708	2	0.528848952	25	2	0.3285	-43.75	2	1.369954819
12.95333333	2	-1.136	25	2	0.05025	-43	3	3.05286
12.5	2	-0.728	25	2	0.027723806	-43	3	2.65574
12.1664458	3	-0.12	25	2	2.438472324	-43	3	1.78704
12	2	1.642162649	24.85714286	2	0.042950045	-42.95336788	1	18.99377706
11.5	1	-0.232763742	24.85714286	2	0.013368515	-42	1	8.909090909
11.37870484	2	0.723514873	24.6	2	0.005367149	-42	2	0.330921818
11	2	0.871697712	24.6	2	0.004693134	-41.8	2	0.084809455
11	2	0.323954429	24.4	2	0.228	-41.2	2	0.490716078
10.73	2	-0.394909091	23.33333333	2	0.010696234	-41	2	4.499958939
10.7079646	2	0.746614795	23.1	2	0.010442	-41	2	0.136091578
10.43636364	2	-0.762	23	2	0.809067764	-40.6	2	0.127272727
10	1	-0.213679209	21	2	0.218403405	-40	2	5.337243402
10	2	1.516479825	20	2	0.105	-40	2	4.516129032
10	2	0.368828871	19.5	2	0.004527777	-40	1	0.636363636
10	2	0.294545455	19.5	2	0.003944526	-39	2	2.8
10	2	0.245037307	19.2	2	0.804	-38.80829016	1	0.595788336
10	2	1.1958826	18.8	2	0.373	-35.7	2	0.371820112
10	1	0.86176	18.8	2	0.167	-34.14507772	1	0.346014889
9.8	2	0.982112909	17.5	2	0.048312686	-33.8	2	36.71818182
9.8	2	0.629650818	17	2	0.157385933	-33.05270605	2	5.918181818
9.759472059	3	0.03	16.7	2	0.008297647	-33	2	0.127272727
9.435	2	-3.5912	15	2	0.021222356	-33	1	6.87
9	2	-0.5	15	2	0.016492768	-33	2	0.050139002
9	2	0.903788	14.1	2	0.0005025	-32.44	2	9.997403804
9	2	0.049205931	14	2	0.42	-31.7	2	0.406408029
9	2	-0.1027826	14	2	0.36	-31.58362989	2	0.509090909
9	1	0.332469875	13.66336634	3	0.73	-31	2	1
8	2	-0.354148247	13.5	2	0.01661141	-31	3	0.54604
7.75	2	-3.048	13.15959708	2	0.028178152	-31	1	0.042708969
7.75	2	-3.339	12.95333333	2	0.224	-30.9	2	0.309129512
7.43	2	1.63	12.87128713	3	0.014129032	-30.2	2	0.340474812
7	2	0.420408689	12.86821705	2	0.09454635	-30	1	16.67
7	2	0.24	12.5	2	0.00024	-30	2	0.445454545
7	2	-0.88	12	2	0.152694358	-29.99	2	2.745401045
7	1	0.503208625	12	2	0.056135182	-28	2	2.891516794
7	2	-0.208239258	12	2	0.049435835	-28	2	1.32
6	2	0.171965898	11.5	1	0.017193233	-27.97101449	2	3.818181818
6	2	-0.425454545	11.37870484	2	0.024902346	-27.8	2	0.095353098
6	2	0.792584185	10.73	2	0.249	-27.2	2	0.068516217
6	3	-0.695454545	10.7079646	2	0.115604571	-27	1	26
6	3	-0.807272727	10.43636364	2	0.242	-26.4	2	0.376143602
5.7	1	0.776390625	10	2	0.8925	-25.8	2	0.296860721
5.7	1	0.714924675	10	2	0.675	-25.13274336	2	0.3754
5.7	1	0.653458725	10	2	0.5625	-25.07246377	2	2.545454545
5.3	2	0.496583378	10	2	0.525	-25	2	-0.121766149
5.069939499	2	0.4603926	10	2	0.4425	-24.5	2	0.611201745
5	2	1.51	10	2	0.4125	-24.4	2	0.469720698
5	2	0.499325811	10	2	0.00962574	-24	2	0.923949324
5	2	0.318592591	10	2	1.166380623	-24	1	0.008541794
5	2	-0.027272727	10	1	-0.04777192	-23.8	2	0.639746167
4.7	3	-4.016331332	9.8	2	0.007323529	-23.5	3	10.899192
4.27609695	3	-0.34	9.435	2	0.4146	-23.4	1	0.374568848
4.1	2	0.82984122	9.333333333	2	0.005925	-23.27	2	2.962443127
3.9	2	0.378438	9.158878505	2	0.059069606	-23	2	1.96
3.71	2	-3.7485	9	2	0.053	-22.5	2	5.345454545
3.7	3	-4.0840826	9	2	0.264166509	-22	2	3.818181818
3.45	2	1.1181308	9	1	0.073328853	-21.3	2	0.545568437
3.185840708	2	0.343606575	8.75	2	0.1717958	-21.22201428	2	0.254545455
3	2	1.368	8.6	1	0.01426387	-20.7	2	0.13236974
3	2	1.224	8.224299065	2	0.020281418	-20	2	37.69764
3	2	1.019365	8.1	2	0.003830271	-20	1	13.35260116
3	2	0.792	8.1	2	0.003495361	-20	2	1.048344719
3	2	0.706363636	7.857142857	2	0.0738	-20	2	0.190909091
3	2	0.372	7.75	2	0.052	-20	2	0.190909091
3	2	0.312	7.75	2	0.02	-19.71714468	2	0.381818182
3	2	0.012	7.5	2	1.181483339	-19.5	2	0.572727273
3	2	-0.204	7.258064516	3	0.0296625	-19.21	2	7.649136244
3	2	-0.324	7	2	0.355875	-19	2	1.02
3	2	-0.612	7	2	0.3105	-18.8	2	1.272727273
2.8	2	-4.696051375	7	2	0.291	-18.5	2	-0.000659132
2.6	2	-4.403765739	7	2	0.17	-18.1	3	4.443072
2.4	2	0.818101488	7	2	0.13	-18	1	2.401372213
2.33735	2	-2.017	7	1	0.084187014	-17.94117647	2	0.3754
2.1	3	-3.677574989	7	1	0.051160106	-17.88819876	1	8.886001697
2.08	2	1.321091017	6.7	2	0.004941903	-17.67606843	2	0.254545455
2	2	2.16	6.7	2	0.003865737	-17.5	2	0.3754
2	2	0.715620011	6.666666667	2	0.039422408	-17	2	7
2	2	-0.414545455	6.6	2	0.01661141	-17	2	1.76940133
1.951004935	2	0.188808406	6.5	2	0.088967516	-16.8906	2	1.54
1.9	2	-3.211240343	6.38	2	0.03	-16.8	2	1.145454545
1.8	2	0.335476044	6	2	0.0975	-16	2	1.272727273
1.8	2	0.088062727	6	2	1.1679	-16	2	0.410348301
1.762711864	2	2.203636364	6	2	1.071075	-15.73529412	2	0.3754
1.627906977	2	-0.36	6	2	0.1257825	-15.48699247	2	0.4
1.61	2	-0.53	6	2	0.121275	-15.1	3	-0.7
1.5	3	-3.406569915	6	2	0.211811542	-15	2	-0.035813573
1.3	2	-2.620458	6	2	0.207939051	-15	3	14.36272727
1.2	2	-3.24	6	2	0.17308663	-15	3	10.56363636
1.2	2	-3.43	6	2	0.084019333	-14.7	2	4.27
1.2	2	-5	5.8	2	0.007699084	-14.7	2	22.3019779
1.112181818	2	0.297	5.8	2	0.007601532	-14.55555556	2	0.352474911
1	2	0.610394353	5.714285714	2	0.11816939	-14.19859783	2	0.190909091
1	2	-0.800750577	5.7	1	0.769382254	-13.67875648	1	0.3754
1	2	-1.400530825	5.7	1	0.142775845	-13.625	2	0.883692198
1	2	-2.472103004	5.7	1	0.094140329	-13.17319098	2	0.445454545
0.869565217	2	-1.448275862	5.7	2	0.045	-13	2	-0.078789861
0.8	2	0.813690475	5.5	2	0.013787719	-13	2	-0.207718724
0.530973451	2	-0.059401644	5.5	1	0.011191897	-13	3	2.153208
0.51	2	-0.385636364	5.5	2	0.009844042	-12.5	2	1.601586333
0.5	1	-0.218181818	5.488029466	2	0.23484	-12.5	2	0.019219036
0.491666667	3	-0.812779	5.4	2	0.008610951	-12	2	1.17730147
0.4	2	0.298812452	5.4	2	0.0531533	-11.7	2	0.048796364
0.2	2	0.915275456	5.3	2	0.021222356	-11.6	2	5.942011193
0.177	1	0.052109772	5.2	2	0.34453928	-11.36454545	2	3.3425
0.103	1	1.163784898	5.2	3	0.371424	-10.61272727	2	-4.3925
0.1	2	0.781644125	5.069939499	2	0.03870528	-10.6	2	-0.875
0.097	1	3.265545685	5	2	0.6	-10	1	7.007356805
0.09	1	0.894551079	5	2	0.4725	-10	2	1.489753022
0.09	1	0.008729273	5	2	0.312	-10	3	0.6205
0.083	1	0.907844388	5	2	0.187245	-10	3	-0.324545455
0.076	1	1.036140267	5	2	0.15518585	-10	2	1.368249455
0.067	1	2.16255552	5	2	0.0975	-9.956687166	2	0.572727273
0.053	1	1.406963832	5	2	0.083335952	-9.294187426	2	0.127272727
0.05	1	1.732705153	5	2	0.04125	-9.248554913	3	3.414409091
0	2	0.324545455	5	2	0.03225	-9.248554913	3	3.414409091
0	2	0.019090909	5	2	0.024	-9.248554913	3	3.414409091
0	2	-0.242685406	5	2	2.202756081	-9.1	2	6.138073859
0	2	-0.542967671	5	2	0.15531873	-8.8	2	1.070394618
0	2	-1.13	5	2	0.1243388	-8.7	2	0.05292
0	2	-1.26	5	2	0.0452438	-8.222222222	2	0.297072614
0	2	-2.18	5	2	0.009556136	-8.2	2	2.434600926
0	2	-2.29	4.7	2	0.0067068	-8	2	0.064557818
0	2	-2.62	4.7	3	0.177418788	-8	1	0.480274443
0	2	-2.84	4.5	2	0.006951315	-7	2	-0.164742437
0	1	-0.99	4.5	2	0.006512828	-6.619623965	2	0.445454545
0	1	-8.727272727	4.1	2	0.17274494	-6.25	1	4.454545455
0	2	0.804929491	4	2	0.256539325	-6.196	2	-0.14
0	2	0.747820856	4	2	0.236	-6.145552561	1	0.190909091
0	2	0.728722838	4	2	0.189	-6	2	-0.250695012
0	2	0.649734921	4	2	0.143	-5.833333333	2	0.511673455
0	2	0.589752312	4	2	0.141	-5.6	2	0.08
-0.2	2	-0.293727273	3.9	2	0.053563422	-5.1	2	0.3754
-0.4	2	0.667345477	3.8765	2	0.398488896	-5	2	0.445296602
-0.4	2	0.372519057	3.71	2	0.2568	-5	2	1.169679564
-0.4	2	0.105256	3.7	3	0.458776797	-4.838709677	3	1.578181818
-0.485436893	2	-0.81	3.278688525	2	0.020096622	-4.703755308	2	0.190909091
-0.7	2	-0.341769091	3.2	3	0.0876	-4.454033608	2	0.127272727
-0.718019845	2	-1.1608375	3.185840708	2	0.066528704	-4.161849711	3	5.597772727
-0.8	2	-0.04	3.166666667	2	0.02925	-4.161849711	3	5.597772727
-0.8	2	-0.06	3.1	2	0.016848695	-4.161849711	3	5.597772727
-0.8	2	-0.08	3	2	0.5009625	-4	2	0.480274443
-0.8	2	-0.21	3	2	0.336	-4	2	0.050139002
-0.8	2	-0.308953289	3	2	0.3	-4	2	-0.035813573
-0.8	2	-0.37	3	2	0.288	-4	2	-0.240137221
-0.8	2	-0.53	3	2	0.288	-3.202846975	2	0.572727273
-1	2	0.223175966	3	2	0.276	-3	2	-0.336647588
-1	2	-1.712727273	3	2	0.252	-2.7	2	0.283770842
-1.3	2	-1.629609693	3	2	0.252	-2.5	3	14.32454545
-1.6	2	-1.109706617	3	2	0.252	-2.5	3	9.761818182
-1.75	2	-0.541	3	2	0.241284957	-1	2	-0.207718724
-1.9	2	0.002096364	3	2	0.23325	-0.9	2	0.636363636
-1.9	2	-0.884178441	3	2	0.228	-0.7	2	0.636363636
-1.9	2	0.853099179	3	2	0.223488195	-0.186574943	2	0.485756884
-2	2	0.449637253	3	2	0.180267485	0	2	78.69092
-2	2	0.280111584	3	2	0.1125	0	1	3.807146611
-2	2	-0.6	3	2	0.02625	0	2	2.81397793
-2	2	-1.749726195	3	2	0.01313123	0	2	1.4675344
-2.238251913	2	-0.407450694	3	2	0.01030912	0	2	0.960548885
-2.4	2	0.886514492	3	2	0.010147767	0	2	0.924365607
-2.42	2	-0.678	3	2	0.22826963	0	2	0.663723482
-2.6	2	0.79	2.829268293	2	0.01376399	0	2	0.445296602
-2.6	2	0.100403282	2.827225131	2	0.1452	0	2	-0.121766149
-2.6	2	-0.276545455	2.8	1	1.088285384	0	2	0.37560149
-2.608695652	2	-2.689655172	2.8	2	0.55097723	0	2	1.268964509
-2.63	2	-0.593	2.8	2	0.05220416	0.08	2	10.94
-2.802159453	1	-0.668	2.6	2	0.390631891	0.5	1	0
-2.9	2	0.694050768	2.6	2	0.021266752	0.530973451	2	0.3754
-3	2	0.760909091	2.5	2	0.101835	0.959974984	2	0.634314359
-3	2	0.142909091	2.5	3	0.8002875	1.112181818	2	-3.6925
-3	2	0.074445655	2.5	3	0.39024	1.2	2	0.213544844
-3	2	-0.78	2.45048989	2	0.794143626	1.2	2	0
-3.016	2	-0.58	2.4	2	0.02183168	1.2	2	-0.042708969
-3.4	2	1.116268523	2.39	2	0.0015	1.3	2	0.336927084
-3.5	2	1.226936622	2.33735	2	0.162	1.5	3	0.438560714
-3.5	2	1.162493689	2.3	2	0.016848695	1.62	2	0.7
-3.5	2	0.63294912	2.1	3	0.01425	1.68	2	0.470909091
-3.5	2	-0.574	2.1	3	0.069117163	1.9	2	0.478408131
-3.5	1	2.129137689	2.1	2	0.01186571	2	2	0.960548885
-3.5	3	-6.77382912	2	2	0.85	2.1	3	-0.235454545
-3.57	2	-0.597272727	2	2	0.5119125	2.1	3	0.569393621
-3.6	2	0.42	2	2	0.022317568	2.32	2	14.18
-3.6	2	-0.49	1.951004935	2	0.163792061	2.33735	2	0.7875
-3.7	2	0.874137246	1.9	2	0.512655703	2.39	2	0.369090909
-3.8	1	-0.470060622	1.8	2	0.0945	2.45048989	2	0.377098457
-4	2	0.940909091	1.8	2	0.0858459	2.5	3	14.38818182
-4	2	0.415586771	1.8	2	0.064343778	2.5	3	9.551818182
-4	2	-0.07	1.8	2	0.0230972	2.6	2	0.278597178
-4	2	-0.86	1.68	2	0.015465	2.8	2	0.564041396
-4.01	2	-0.792	1.66	2	0.00825	3.185840708	2	0.3754
-4.090433217	1	-0.427	1.62	2	0.0143175	3.7	3	0.335206818
-4.1	2	0.021	1.61	2	0.17	3.71	2	1.3478
-4.1	2	-0.065022392	1.5	2	0.009682688	4.7	2	0.063916364
-4.181185028	2	0.4645954	1.5	3	0.376490183	4.7	3	0.514025463
-4.2	2	-0.136773287	1.3	2	0.379538818	5	2	1.440823328
-4.2	2	-0.758	1.2	2	0.0036	5	2	0.434970967
-4.33	2	0.738798912	1.2	2	0.003	5.2	2	2.82276
-4.33	2	0.738798912	1.2	2	0.0015	5.2	3	0.660504
-4.4	2	1.379798423	1.2	2	0.006766203	5.4	2	0.890318982
-4.4	2	1.082764629	1.2	2	0.004740575	5.7	1	0.436645184
-4.4	2	0.707803611	1.112181818	2	0.202	5.7	1	0.406022592
-4.4	2	0.65665992	1	2	0.360936268	5.7	1	0.365517254
-4.4727	2	-1.79	1	2	0.277429244	6	2	4.836363636
-4.5	2	0.466521683	1	2	0.264491537	6	2	4.441818182
-4.61333238	2	-0.340650267	1	2	0.2538	6	2	2.933636364
-4.771666073	1	-0.84	1	2	0.226030589	6	2	2.73
-4.854368932	2	0.23	1	2	0.186865289	6	2	6.104425024
-4.9	2	1.3745016	1	2	0.175103737	6	2	5.9920912
-4.9	2	1.107674153	1	2	0.128057526	6	2	5.318088256
-4.99	2	-0.323	1	2	0.119250014	6	2	4.756419136
-5	2	0.593247778	1	2	0.04081448	7	1	0.66770656
-5	2	-0.289363636	1	2	0.015167671	7	1	0.397670976
-5	2	-0.800750577	1	2	0.009652154	7	2	-0.240137221
-5	2	-1.05	1	3	0.068	7	2	-0.720411664
-5	2	-1.095	1	3	0.011	7.258064516	3	2.87
-5.12	2	4.61	0.959974984	2	0.189779299	7.75	2	22
-5.3	2	-0.06	0.8	2	-0.02493983	7.75	2	4
-5.33	2	-0.73	0.737704918	2	0.081571725	8.6	1	0.343064256
-5.335992518	1	-0.672	0.530973451	2	0.064191758	9	1	0.351737088
-5.424269715	2	0.46	0.51	2	0.11775	9.435	2	1.0488
-5.5	2	-0.321	0.5	1	0.184821429	10	1	-0.106424
-5.6	2	1.075777523	0.5	2	0.08535	10.43636364	2	-0.1575
-5.63	2	-0.542	0.5	2	0.0768818	10.7079646	2	0.3754
-5.7	2	-0.129797505	0.4	1	0.021376093	11.5	1	-0.08715104
-5.8	2	-0.358363636	0.4	2	0.01010031	12.5	2	0.0056
-6	2	0.439090909	0.4	2	-0.07640431	12.95333333	2	-0.735
-6	2	-2.099095129	0.3	2	0.216	14	2	-0.720411664
-6	2	-0.747272727	0.3	2	0.0531533	14	2	-1.440823328
-6.1	2	-0.229451526	0.278745645	2	0.111504425	18.8	2	10
-6.109145222	1	-0.125	0.2	2	0.049119455	18.8	2	4
-6.196	2	-1.188	0.1	2	0.010442	20	2	31.81818182
-6.2	2	-0.425454545	0.1	2	-0.029228537	23	2	0.3754
-6.25	1	2.198181818	0	2	0.68	23.33333333	2	1.146759177
-6.3	2	0.926202933	0	2	0.469193	25	2	2.731469656
-6.4	2	0.945816	0	2	0.37981565	32.8	1	0.570884271
-6.4	2	-25.87283694	0	2	0.256539325	38.05	2	0.713987361
-6.5	2	0.818798044	0	1	0.21	49	2	1.950600856
-6.53	2	-0.512727273	0	2	0.1983	57	2	-0.240137221
-6.534858417	3	-0.2	0	2	0.180267485	65	2	0
-6.557193409	1	-0.135	0	2	0.113190834	86	2	1.440823328
-6.568198773	2	-0.484505112	0	2	0.1125	87.8	2	0.532520512
-6.6	2	-0.158181818	0	2	0.110540414			
-6.6	2	0.748782814	0	2	0.102614884			
-6.775	1	-0.4	0	2	0.09004065			
-7	2	1.901609135	0	2	0.09			
-7	2	-0.616363636	0	2	0.08075625			
-7	1	-2.8829	0	2	0.06			
-7	1	-3.058	0	2	0.04603475			
-7.01	2	-0.429	0	2	0.04287095			
-7.04	2	-0.53	0	2	0.03375			
-7.051396925	2	0.32	0	2	0.03179765			
-7.148426887	3	4.451	0	1	0.02692623			
-7.3	2	0.235636364	0	2	0.026387552			
-7.368421053	2	-2.449	0	2	0.016990583			
-7.6	2	1.196918264	0	2	0.01177125			
-7.7	2	0.775793636	0	2	0.011020975			
-7.7	2	0.661171818	0	2	0.010797928			
-7.8	2	-10.60641725	0	2	0.010755242			
-7.9	2	0.18024163	0	2	0.009957939			
-7.9	2	0.18024163	0	2	0.00980924			
-7.9	2	-0.61	0	2	0.009805772			
-8	2	-1.167381974	0	2	0.009758619			
-8	2	-1.466216094	0	2	0.009589976			
-8	1	-0.29	0	2	0.00894023			
-8	1	-2.181818182	0	2	0.0081			
-8.05	2	-0.6433344	0	2	0.06147934			
-8.25	2	-1.546	0	2	0.023391565			
-8.5	2	-1.6126385	0	2	0.020096622			
-8.547053679	2	0.0789885	0	2	0.00133483			
-8.608247423	2	-0.052719272	0	3	0.079			
-8.63	2	-0.46	0	3	0.027			
-8.67	2	-0.94608	0	2	0.010449985			
-8.7	2	-0.158181818	0	2	0.286921736			
-9	2	1.366416941	-0.03	2	0.0768818			
-9	2	-0.829090909	-0.186574943	2	0.707550303			
-9	2	-1.076403248	-0.2	2	0.0704625			
-9	2	-1.36054615	-0.25	2	0.015073803			
-9.1	2	0.816680121	-0.28	3	0.066195			
-9.284	2	-0.96	-0.3	2	0.024916385			
-9.3	2	0.875722636	-0.3	2	0.01376399			
-9.4	2	-0.804969613	-0.4	2	0.05884814			
-9.473684211	2	-2.437	-0.4	2	-0.03780595			
-9.480519481	1	-0.55	-0.4	2	-0.080693017			
-9.5	2	-0.53	-0.573770492	2	0.071160619			
-9.62962963	1	-0.788794182	-0.7	2	0.03825			
-10	2	0.61	-0.718019845	2	0.02541732			
-10	2	-0.155454545	-0.772357724	2	0.122123894			
-10	2	-0.17	-0.8	2	-0.017586924			
-10	2	-0.214363636	-0.9	2	0.07575			
-10	2	-0.48	-1	2	0.325183981			
-10	2	-0.48	-1	2	0.264166509			
-10	2	-0.55	-1	2	0.157385933			
-10	2	-0.59	-1	2	0.11162283			
-10	2	-0.61	-1	2	0.057946457			
-10	2	-2.320595927	-1	2	0.04575			
-10	1	-1.14	-1	2	0.04302914			
-10	1	-1.46	-1	2	0.0375			
-10	1	-1.93	-1	2	0.030780042			
-10	1	-1.94	-1	2	0.012368754			
-10	1	-2.25	-1	2	0.010419853			
-10	1	-2.28	-1	1	-0.001135296			
-10	1	-2.29	-1.06080207	2	0.27			
-10	1	-2.31	-1.1	2	0.239872339			
-10	1	-2.61	-1.1	2	0.11745			
-10	1	-5.454545455	-1.1	2	0.13667762			
-10	1	0.053861482	-1.166666667	2	0.1023			
-10	1	0.011672164	-1.2	2	0.04761665			
-10	1	-0.170862709	-1.3	2	0.524757238			
-10	1	-0.276238117	-1.59	3	0.018435103			
-10	1	-0.416742739	-1.6	2	0.34121729			
-10	1	-0.472929905	-1.75	2	0.065			
-10.10169492	2	1.969090909	-1.8	2	0.49275			
-10.3	2	0.686961727	-1.9	2	0.149508587			
-10.3	2	0.414734909	-1.9	2	0.07134515			
-10.57	2	0.2835748	-2	2	0.5721375			
-10.6	2	-1.131779341	-2	2	0.172640301			
-10.61272727	2	0.092	-2	2	0.1704			
-10.63333333	2	4.001888388	-2	2	0.048486695			
-10.63333333	2	1.957289867	-2	2	0.043400887			
-10.63333333	2	1.927997624	-2	2	0.04005			
-10.63333333	2	1.394878812	-2	2	0.178742049			
-10.63973064	1	-0.979639509	-2.032520325	2	0.05840708			
-10.7	2	0.863062868	-2.2	2	0.356775			
-10.74074074	1	-0.835145455	-2.2	2	0.04370351			
-11	2	0.97	-2.238251913	2	0.060068391			
-11	2	-0.046363636	-2.3	2	0.02246444			
-11.05263158	2	-1.699	-2.5	2	0.168675			
-11.36454545	2	-0.786	-2.5	2	0.03445018			
-11.4	2	-23.29639673	-2.5	3	0.3082425			
-11.6	2	1.106380472	-2.5	3	0.1379025			
-11.6	2	0.926935729	-2.6	2	0.12225			
-11.60137581	2	-2.83	-2.6	2	0.095606809			
-11.76470588	3	2.09	-2.6	2	0.053660714			
-11.76470588	3	0.72	-2.6	2	0.247727			
-11.76470588	3	-0.27	-2.7	2	0.022068965			
-11.76470588	3	4.68	-2.7	2	0.009077769			
-11.76470588	3	4.22	-2.802159453	1	0.038			
-11.76470588	3	3.18	-2.9	2	-0.04102248			
-12	2	0.792102217	-3	2	0.36			
-12	2	0.532521615	-3	2	0.041122136			
-12	2	0.363791879	-3	2	0.03			
-12	2	-0.266979829	-3.016	2	0.15			
-12	2	-0.917490638	-3.032786885	2	0.15216894			
-12	2	-2.048698099	-3.2	2	0.03322136			
-12	2	-0.247671894	-3.202846975	2	0.17355			
-12.1	2	-0.9002639	-3.3	2	0.32325			
-12.2	2	-0.160909091	-3.373493976	2	0.01423856			
-12.33075238	3	-0.03	-3.5	2	0.04900125			
-12.437	2	-0.76	-3.5	2	0.012598071			
-12.5	2	-0.15	-3.5	1	0.010442			
-12.5	2	-0.935	-3.5	2	0.010442			
-12.5	2	-1.131779341	-3.5	2	0.006129858			
-12.5	2	-1.36	-3.6	2	0.040446429			
-12.5	2	-1.45	-3.8	1	-0.136170836			
-12.63157895	2	-1.618	-4	2	0.210188513			
-12.8	2	1.011052796	-4	2	0.185			
-12.82	2	0.793738973	-4	2	0.135062825			
-12.82	2	0.793738973	-4	2	0.134504382			
-13.2	2	-21.08124351	-4	2	0.113516796			
-13.42372881	2	1.764545455	-4	2	0.11			
-13.6	2	-0.935693504	-4	2	0.1			
-13.63333333	2	4.751769794	-4	2	0.03			
-13.63333333	2	2.168194012	-4	2	0.0220426			
-13.63333333	2	0.246622909	-4	2	0.01402764			
-13.63333333	2	-0.011148824	-4	2	0.010014887			
-13.66101695	2	2.650909091	-4	2	0.300776992			
-13.67875648	1	-0.378719545	-4.090433217	1	0.036			
-13.7	2	0.944492118	-4.1	2	0.094528773			
-13.7	2	-0.128181818	-4.1	2	0.077			
-13.7	2	0.268885013	-4.1	2	0.066225			
-14	2	-1.34	-4.1	2	0.025912982			
-14	2	0.719985547	-4.161849711	3	1.954575			
-14.30555556	1	-1.83	-4.161849711	3	1.954575			
-14.4	2	-0.676363636	-4.161849711	3	1.954575			
-14.45	2	-1.34	-4.181185028	2	0.03290498			
-14.49315983	2	-0.578354323	-4.2	2	0.255156071			
-14.5	2	0.528804844	-4.288617886	2	0.111504425			
-14.6	2	1.596308582	-4.4727	2	0.16			
-14.6	2	1.103245635	-4.49	3	0.00685157			
-14.7	2	-0.215454545	-4.58	2	0.1135296			
-14.72	2	4.51	-4.61333238	2	0.115131232			
-14.79	2	0.709886091	-4.660194175	2	0.009840878			
-15	2	-0.533130216	-4.703755308	2	0.0795			
-15.03166667	3	-0.86484	-4.715447154	2	0.053097345			
-15.16	2	-0.45	-4.771666073	1	0.045			
-15.19880571	2	-1.67	-4.838709677	3	0.01608			
-15.5	2	0.90042576	-4.854368932	2	0.026261			
-15.65	2	-3.455467969	-4.9	2	-0.014218063			
-15.65217391	2	-1.75862069	-5	2	0.744			
-15.65217391	3	4.41	-5	2	0.51744095			
-15.7	2	-0.130909091	-5	2	0.46112531			
-15.73529412	2	0.872503515	-5	2	0.24			
-15.75	2	-0.925	-5	2	0.075124133			
-15.9	2	-1.393227123	-5	2	0.06027185			
-15.96259209	2	0.660923477	-5	2	0.056997317			
-16	2	0.357390263	-5	2	0.0435			
-16	1	-3	-5	2	0.029543443			
-16	2	0.43643664	-5	2	0.025960439			
-16.14155251	1	0.806379564	-5	2	0.020787626			
-16.27906977	2	-0.59	-5	2	0.010489457			
-16.46118721	1	0.806379564	-5	2	0.010419853			
-16.5	2	1.17697	-5	2	0.0102402			
-16.5	2	0.950591909	-5	2	0.251963015			
-16.5	2	-0.163636364	-5	2	0.166390448			
-16.52173913	2	-1.689655172	-5	2	0.042108675			
-16.7972223	2	-0.035142415	-5	2	0.0296802			
-16.86927868	2	-0.084141676	-5	2	0.0107928			
-16.8906	2	-0.758	-5.040650407	2	0.053097345			
-16.91549641	2	0.4782545	-5.1	2	0.01002016			
-17	2	2.376968739	-5.2	2	0.013004678			
-17	2	1.099972368	-5.3	2	0.057321429			
-17	2	-0.85	-5.33	2	0.036072164			
-17	2	0.6684312	-5.335992518	1	0.036			
-17.1	2	-1.00105545	-5.412311266	2	0.111504425			
-17.3	2	-0.111818182	-5.424269715	2	0.137			
-17.44358894	3	3.16	-5.491803279	2	0.103980391			
-17.5	2	1.549490909	-5.5	2	0.0325886			
-17.5	2	1.214222091	-5.6	2	0.292			
-17.5	2	0.697537695	-5.7	2	0.190473938			
-17.54371037	2	-0.613118219	-5.8	2	0.02217375			
-17.8	2	-1.197141286	-5.8	2	0.018746975			
-17.88819876	1	-1.933762727	-5.8	1	0			
-17.94117647	2	1.259270066	-5.833333333	2	0.065223197			
-18	2	-0.326180258	-5.863634019	2	0.1659			
-18	1	-1.090909091	-5.9	2	0.29685			
-18.31	1	0.2817736	-5.9	2	0.002255376			
-18.9	2	-0.286363636	-5.995807128	2	0.00456			
-18.90583458	2	-3.96	-6	2	0.13572848			
-19	2	3	-6	2	0.068701054			
-19	2	0.681818182	-6	2	0.0673904			
-19	2	0.13921802	-6	2	0.028894759			
-19.00373702	2	-0.33	-6	2	0.02775			
-19.2	2	0.738915658	-6	2	0.0225			
-19.3	2	-1.720036851	-6.1	2	0.13657216			
-19.4	2	0.11828468	-6.109145222	1	0.046			
-19.75	2	-3	-6.145552561	1	0.129			
-19.8	2	-20.90793135	-6.196	2	0.031			
-20	2	-0.106909091	-6.2	2	0.0945			
-20	2	-0.471	-6.229508197	2	0.020294929			
-20	2	-0.797	-6.25	1	0.3975			
-20	2	-1.011818182	-6.3	2	0.1035			
-20	1	-1.363636364	-6.3	2	0.024			
-20	1	-1.462123636	-6.314363144	2	0.10619469			
-20	3	0.272727273	-6.4	2	2.698930451			
-20.1	2	-1.687355878	-6.4	2	0.041735374			
-20.12345679	1	-0.243545455	-6.4	2	0.026198369			
-20.17	2	-1.3	-6.5	2	0.1116			
-20.4040404	1	0.325329891	-6.557193409	1	0.042			
-20.71742611	3	-0.91	-6.619623965	2	0			
-20.8	2	-0.049090909	-6.666666667	2	0.03285			
-21	2	4.08	-6.7	2	0.010271155			
-21	2	-0.59	-6.775	1	0.15			
-21.08543547	3	-0.55	-6.8757259	2	0.111504425			
-21.25	3	-0.499	-6.926829268	2	0.122123894			
-21.29829376	3	3.894	-7	1	0.1571			
-21.3	2	-13.77246313	-7	1	0.127			
-21.45	2	-0.469882421	-7	2	0.116102319			
-21.45	2	-0.469882421	-7	2	0.0525			
-21.49152542	2	2.146363636	-7.04	2	0.35572608			
-21.6	2	-0.010321	-7.051396925	2	0.067			
-21.7	2	0.610730258	-7.1	2	0.058575			
-21.75084175	1	-0.520579127	-7.1	2	0.266937594			
-21.8	2	-1.425908096	-7.154471545	2	0.10619469			
-22	2	-1.674183253	-7.2	2	0.06975			
-22.20779221	1	1.102355072	-7.3	2	0.220425			
-22.5	2	2.102727273	-7.368421053	2	0.219			
-22.5	2	-2.32	-7.398373984	2	0.031858407			
-22.5	2	-3.11	-7.5	2	0.046875			
-22.5	2	-4.46	-7.59	3	0.013302116			
-22.63333333	2	0.3322072	-7.6	2	0.07665			
-22.8	2	-0.668441273	-7.6	2	0.010442			
-23	2	4.9	-7.7	2	0.032681945			
-23	2	0.858369099	-7.7	2	0.031125			
-23	2	-0.5304	-7.7	1	0.02433741			
-23	2	-7.058137716	-7.8	2	1.195323379			
-23.1	2	2.267526553	-8	2	0.18			
-23.4	2	-1.154280177	-8	1	0.172			
-23.4	2	-1.327865178	-8	2	0.155850248			
-23.52622964	2	0.357709883	-8	2	0.09825			
-23.52941176	3	4.43	-8	2	0.082932568			
-23.52941176	3	5.13	-8	2	0.06454298			
-23.8	2	-5.235683732	-8	2	0.051492305			
-24	2	0.25638699	-8	2	0.013128066			
-24	2	-5.527969368	-8	2	0.010442			
-24	1	1.106	-8	2	0.00029484			
-24.134	2	0.11	-8	1	0.171428571			
-24.2	2	4.419818182	-8.1	2	0.054134635			
-24.3	2	-3.275590152	-8.166666667	2	0.00405			
-24.4	2	-3.042080031	-8.197026022	2	0.0389162			
-24.5	2	-3.632862373	-8.197026022	2	0.03322136			
-24.78114478	1	0.454279436	-8.2	2	0.09199021			
-24.9	2	-18.80801351	-8.222222222	2	0.302916496			
-25	2	5.163448382	-8.25	2	0.1815			
-25	2	0.561450836	-8.3	2	0.135225			
-25	2	0.085655669	-8.3	2	0.023492675			
-25	2	0.02	-8.4	3	0.0102			
-25	1	0.19	-8.4	2	0.017441908			
-25	1	0.08	-8.547053679	2	0.05357514			
-25	1	0.07	-8.7	2	0.0027108			
-25	1	-0.23	-8.8	2	0.15091472			
-25	1	-0.31	-8.8	2	0.036177931			
-25	1	-0.35	-8.821138211	2	0.047787611			
-25	1	-0.38	-8.833333333	2	0.0159			
-25	1	-0.66	-9	2	0.1125			
-25.07246377	2	18.65727273	-9	2	0.098060277			
-25.13274336	2	0.631469589	-9	2	0.07134515			
-25.25	2	-0.033630273	-9	2	0.067627685			
-25.25	2	-0.041922545	-9	2	0.015097532			
-25.25	2	-0.042844091	-9.1	2	0.0404981			
-25.25	2	-0.051597	-9.1	2	0.010518915			
-25.25	2	-0.052979182	-9.2	2	0.245475			
-26	2	0.28	-9.2	2	0.0093			
-26.08695652	2	-2.206896552	-9.248554913	3	2.478715			
-26.28571429	2	-0.039965339	-9.248554913	3	2.478715			
-26.4	2	-1.033736422	-9.248554913	3	2.478715			
-26.5	2	-1.327865178	-9.268292683	2	0.053097345			
-26.7	2	3.88052617	-9.284	2	0.13			
-26.9	2	-0.73	-9.294187426	2	0.07125			
-27	2	0.773883273	-9.3	2	0.064368946			
-27	2	-0.600858369	-9.3	1	0.061391835			
-27	1	6.9	-9.4	2	0.171938171			
-27.5257732	1	3.319019091	-9.473684211	2	0.142			
-27.6	2	2.628	-9.514563107	2	0.010315448			
-27.6	2	1.756	-9.6	2	0.035437336			
-27.6	2	1.033	-9.956687166	2	0.00075			
-27.66839378	1	0.051956855	-10	2	0.465			
-27.72	2	-0.68304384	-10	2	0.435872093			
-27.97101449	2	13.93363636	-10	2	0.3675			
-28	2	3.2	-10	2	0.320689655			
-28	2	1.37596021	-10	2	0.254461993			
-28	2	0.291845494	-10	2	0.241494747			
-28	2	0.00344169	-10	2	0.186089242			
-28.2	2	-17.23250841	-10	2	0.17637931			
-28.28282828	2	-1.27	-10	2	0.09981935			
-28.7	2	-0.104884	-10	2	0.09254261			
-29	2	1.364912113	-10	2	0.08775			
-29	2	-0.766592942	-10	2	0.076457071			
-29	2	0.483186083	-10	2	0.067026346			
-29.25373134	2	2.46	-10	2	0.059953303			
-29.6	2	0.665209053	-10	2	0.056097561			
-29.83436507	3	3.13	-10	2	0.055696721			
-29.9	2	-1.621993933	-10	2	0.048839286			
-30	2	0.790909091	-10	2	0.036507937			
-30	2	0.59	-10	2	0.0312075			
-30	2	-0.64	-10	2	0.02863385			
-30	1	8.3	-10	2	0.01423856			
-30	1	2.182840133	-10	2	0.010655557			
-30	1	0.354545455	-10	3	0.010173913			
-30	1	-3	-10	3	0.009			
-30	1	0.369158699	-10	1	0.008114754			
-30	1	0.102318605	-10	2	0.045294421			
-30	1	0.039022393	-10.1	1	0.063955008			
-30	1	-0.199773062	-10.1	2	0.042159095			
-30	1	1.732	-10.16666667	2	0.060825			
-30	1	1.011	-10.3	2	0.043425			
-30	1	0.44	-10.3	2	0.02705195			
-30	1	0.027	-10.3	2	0.024208333			
-30	1	-0.064	-10.4	2	0.0750075			
-30	1	-0.74	-10.49	3	0.006783311			
-30.09078735	2	-0.84	-10.6	2	0.08542406			
-30.2	2	1.710988275	-10.6	2	0.04858			
-30.3	2	5.785249293	-10.61272727	2	0.0011			
-30.34	2	0.523617008	-10.68292683	2	0.122123894			
-30.34	2	0.523617008	-10.73770492	2	0.080183577			
-30.8	2	-2.65981241	-10.74074074	1	0.0525			
-31	2	3.9	-10.79379201	2	0.044175			
-31	2	-0.463519313	-11	2	1.09625816			
-31	1	1.027	-11	2	0.5445			
-31.60793103	2	-1.115912409	-11	2	0.30825			
-31.93990592	2	-0.840886379	-11	2	0.1823418			
-32	2	3.543910545	-11.05263158	2	0.149			
-32	2	1.795927818	-11.1	2	0.010245186			
-32	2	1.394509296	-11.1	2	0.053656231			
-32	2	0.4	-11.2	2	0.138			
-32	2	-0.291845494	-11.2	2	0.009654745			
-32	1	-0.83	-11.25827815	1	0.351			
-32.6	2	5.974710147	-11.34	3	0.004426919			
-32.697	2	-1.25	-11.36454545	2	0.016			
-32.84	2	-0.94608	-11.4	2	2.950879418			
-33	2	1.601689577	-11.5	2	0.05362787			
-33	2	0.23	-11.57199981	3	0.012975			
-33	2	-0.49	-11.6	2	0.17437875			
-33	1	3.3	-11.6	2	0.02689376			
-33.04347826	2	-2.563522	-11.6	2	-0.01207371			
-33.16	2	-0.55	-11.6	2	0.010567286			
-33.71428571	2	-0.073206495	-11.60137581	2	0.066			
-33.79	2	-1.0217664	-11.62601626	2	0.037168142			
-34.14507772	1	0.098378691	-11.7	2	0.063973496			
-34.454	2	-1.14	-11.7	2	7.59078E-05			
-35	2	3.779352851	-11.8	2	0.026175			
-35	2	-0.71	-11.8	2	0.01575			
-35.1	2	-0.407103527	-12	2	0.070020325			
-35.5	2	0.8	-12	2	0.039			
-36	2	0.63	-12	2	0.025341429			
-36	2	-0.42	-12	2	0.025341429			
-36.03758621	2	-0.33810219	-12	2	0.025341429			
-36.504	1	-1.47	-12	2	0.025341429			
-36.8	2	0.4919136	-12.1	2	0.1696866			
-37	1	-0.78	-12.17189315	2	0.037168142			
-37.49	2	7.6	-12.2	2	0.2809469			
-37.5	2	-8.072079425	-12.2	2	0.046390678			
-38	1	-2.2681	-12.4	2	0.011035213			
-38	1	-2.562	-12.4	2	0.009613905			
-38.57	2	-0.78	-12.437	2	0.03			
-38.67579909	1	0.241499113	-12.5	2	0.1725			
-38.7	2	7.284304346	-12.5	2	0.1275			
-38.80829016	1	0.449121455	-12.5	2	0.05884814			
-39	2	5.7	-12.5	2	0.012603508			
-39	2	0.755364807	-12.5	2	0.009625			
-39.25	2	-0.7947072	-12.5	2	0.0029			
-39.32642487	1	-0.370997655	-12.5203252	2	0.037168142			
-40	3	5.91	-12.59	3	0.010934354			
-40	3	1.07	-12.6	2	0.0327			
-40	2	0.826800345	-12.6	2	0.013052135			
-40	1	3	-12.63157895	2	0.147			
-40	1	-2.372727273	-12.74	2	0.035186607			
-40.34285714	2	-0.14189781	-12.76422764	2	0.053097345			
-40.7	2	4.59	-12.82	2	0.015282614			
-40.8	2	1.706407424	-12.9	2	0.009542944			
-40.95	2	-3.378377476	-12.9	2	0.019102903			
-41	2	2.197568389	-13	2	0.025608995			
-42.4	2	-1.501082251	-13	2	0.02475			
-42.95336788	1	-0.9538496	-13	2	0.02085934			
-42.96296296	1	5.168674818	-13	2	0.013543219			
-43	2	0.16	-13	3	0.027156			
-43.11	2	1.201211089	-13.00675676	2	0.133125			
-43.11	2	1.201211089	-13.1	2	0.1137			
-44	2	-0.047325472	-13.17319098	2	0.005625			
-44.3	2	-0.28	-13.2	2	2.290659284			
-44.5	2	-0.63	-13.5	2	0.035475			
-44.65530455	2	-0.379820401	-13.5	2	0.013780116			
-45	3	3.73	-13.52845528	2	0.05840708			
-45	2	0.14	-13.6	2	0.055763435			
-45	1	17.07	-13.625	2	0.156673912			
-45	1	15.84	-13.67875648	1	0.010357255			
-45	1	14.28	-13.8	2	0.011035213			
-45	1	11.39	-14	2	0.065025			
-45.13119534	2	0.045	-14	2	0.283125			
-45.44090092	2	-0.41224961	-14	2	0.072			
-45.65696223	2	0.694736842	-14	2	0.010497303			
-45.65696223	2	-0.416842105	-14.1	2	0.04983922			
-45.70776256	1	0.86176	-14.1	2	0.016492768			
-46	1	2.678	-14.19859783	2	0.00375			
-47.30593607	1	1.072205658	-14.2	2	0.0018			
-47.9316625	2	0.191194777	-14.3	2	0.111277579			
-48	3	2.02	-14.3	2	0.012221638			
-48	1	-0.027272727	-14.30555556	1	0.0875			
-48.32084707	2	0.330585118	-14.31027451	3	0.012825			
-49	2	0.16	-14.45	2	0.14			
-49	1	8.15	-14.5	2	0.010560643			
-49	1	3.5	-14.55555556	2	0.026602184			
-50	2	-0.5	-14.7	2	0.01423856			
-50	2	-0.7	-14.7	2	0.00786			
-50	1	13.54	-14.7	2	0.007626713			
-50	3	-8.96	-14.78	2	0.009			
-50.02	2	-0.55	-14.8	2	0.09221808			
-50.85714286	2	-0.046122895	-15	2	0.33046037			
-51.68777429	2	-0.022773723	-15	2	0.180282694			
-52	2	1.424750277	-15	2	0.09825			
-52	2	-0.737993792	-15	2	0.096368462			
-52	1	13.93	-15	2	0.04413647			
-52	2	0.299413521	-15	1	0.02081376			
-52.8673428	2	-0.602043796	-15	2	0.010726742			
-53.13432836	2	2.44	-15	2	0.00751033			
-54	2	-0.059862111	-15	3	0.076215			
-54	1	-3.956334545	-15	3	0.04137			
-54.33789954	1	0.994673047	-15	2	0.010385052			
-54.89	2	4.494004607	-15.1	3	0.0045			
-54.89	2	2.642305593	-15.19880571	2	0.064			
-54.89	2	2.568709297	-15.28469751	2	0.00405			
-54.89	2	-1.876424201	-15.3	2	0.0978			
-55	2	6.3	-15.48699247	2	0.149			
-55	2	1.128134648	-15.49	3	0.012295285			
-56	3	4.43	-15.65	2	0.02924959			
-56	1	12.55	-15.65217391	3	0.009375			
-56	1	10.19	-15.73529412	2	0.011848463			
-56.3	2	-3.691175985	-15.75	2	0.099			
-57	2	-0.04	-15.7777777	2	0.010596096			
-57.44021275	2	-0.323679489	-15.83333333	2	0.03585			
-58	3	5.55	-15.86527294	2	0.053097345			
-58.23834197	1	6.437538345	-15.9	2	0.06833954			
-58.47842972	2	0.457975803	-15.9	2	0.014950415			
-58.59	2	2.55	-15.96259209	2	0.010442			
-58.71939655	2	-0.190948905	-16	2	0.00975			
-59	3	4.28	-16	1	0.223			
-59.14285714	2	-0.91	-16	2	0.028847723			
-59.48051948	1	0.83	-16	2	0.013			
-60	2	-0.31	-16	2	0.009604859			
-60.12584968	2	1.940159255	-16	2	0.008942359			
-60.23535936	2	-0.059485676	-16	2	0.000166926			
-60.2689989	2	-0.068520189	-16	2	0.018462233			
-62.9	2	0.016642558	-16.1	2	0.0180675			
-63	1	15.52	-16.5	2	0.05064375			
-64.12	2	6.51	-16.5	2	0.011894904			
-64.28571429	2	-0.039853822	-16.6	2	0.040125			
-65	3	4.97	-16.8	2	0.083335952			
-65	2	3.41	-16.8	2	0.018746975			
-65	2	2.99	-16.8	2	0.00495			
-65	2	1.74	-16.8906	2	0.0005			
-65	1	18.23	-16.91549641	2	0.02615554			
-65.45	2	6.03	-17	2	0.00075			
-67	3	5.04	-17	2	0.053678862			
-67	1	11.3	-17	2	0.036			
-67	1	-0.06	-17	2	0.000211517			
-67.09066622	2	-0.352066203	-17.06666667	2	0.01392218			
-67.27272727	1	1.57	-17.1	2	0.025875			
-70	1	8.3	-17.1	2	0.014775			
-71.16883117	1	1.23	-17.1	2	0.069098852			
-72	2	0.725968148	-17.34	3	0.005887416			
-72	1	16.85	-17.44358894	3	0.193			
-72	1	13.85	-17.5	2	0.0771			
-73	3	5.95	-17.5	2	0.02078636			
-73	2	-0.3	-17.5	2	0.016739496			
-74	2	-0.63	-17.5	2	0.010753178			
-75	1	4.6	-17.67606843	2	0.012			
-75.2777775	2	2.151255455	-17.75	2	0.02230625			
-76	1	7.9	-17.8	2	0.073702181			
-77	3	6.09	-17.85467128	2	0.02775			
-82	2	2.78	-17.88819876	1	0.02785951			
-85.97014925	2	6.63	-17.94117647	2	0.010480512			
-86.11	2	3.08	-18	2	0.010575			
-87	1	-0.258021818	-18	2	0.00024			
-92.49	2	-1.518	-18	1	0.123214286			
-97.8	2	11.6037943	-18.03333333	2	0.033173979			
			-18.1	2	0.01917219			
			-18.1	3	0.00876			
			-18.1	2	0.012577565			
			-18.22261037	2	0.259			
			-18.5	2	0.003321191			
			-18.7	2	0.06165			
			-18.8	2	0.00375			
			-18.9	2	0.14925			
			-18.90583458	2	0.121			
			-19	2	0.203			
			-19	2	0.08775			
			-19	2	0.015			
			-19.00373702	2	0.078			
			-19.2	2	0.008297647			
			-19.21	2	0.00633007			
			-19.3	2	0.061434547			
			-19.4	2	0.011013467			
			-19.4	2	0.006153293			
			-19.43089431	2	0.05840708			
			-19.5	2	0.0051			
			-19.71714468	2	0.003			
			-19.74683544	2	0.010837475			
			-19.8	2	2.250867047			
			-19.9	2	0.009640983			
			-20	2	0.197877647			
			-20	2	0.189625763			
			-20	2	0.148366344			
			-20	2	0.134292763			
			-20	2	0.089616095			
			-20	2	0.050661808			
			-20	2	0.0389162			
			-20	2	0.03283997			
			-20	2	0.03166113			
			-20	2	0.03166113			
			-20	2	0.03148125			
			-20	2	0.030614754			
			-20	2	0.0294248			
			-20	2	0.025			
			-20	2	0.01613684			
			-20	2	0.015			
			-20	2	0.012			
			-20	2	0.010634201			
			-20	2	0.00980924			
			-20	2	0.00975			
			-20	2	0.009168254			
			-20	2	0.00632906			
			-20	2	0.00195			
			-20	1	0.00147541			
			-20	2	0.0009			
			-20	2	0.000495			
			-20.1	2	0.072254743			
			-20.1	2	0.057566801			
			-20.1	2	0.009516589			
			-20.12345679	1	0.0441			
			-20.3	2	0.010242563			
			-20.6	2	0.023775			
			-20.7	2	0.001428837			
			-20.72727273	2	0.008768043			
			-20.72727273	2	0.003900725			
			-20.72727273	2	0.003197017			
			-20.9	2	0.203622069			
			-20.91428571	2	0.02325			
			-21	2	0.11864396			
			-21	2	0.038			
			-21	2	0.019340188			
			-21	2	0.013814495			
			-21.06666667	2	0.013052135			
			-21.1	2	0.079565968			
			-21.16666667	2	0.138040002			
			-21.22201428	2	0.00375			
			-21.3	2	1.338820103			
			-21.3	2	0.008376165			
			-21.4	2	0.014950415			
			-21.45	2	0.123199832			
			-21.6	2	0.14754			
			-21.6	2	0.117322757			
			-21.7	2	0.009369823			
			-21.8	2	0.071946272			
			-22	2	0.01275			
			-22	2	0.364411899			
			-22	2	0.105			
			-22.1	2	0.0246			
			-22.20779221	1	0.013052135			
			-22.25	2	0.121175			
			-22.34	3	0.007571139			
			-22.5	2	0.3227			
			-22.5	2	0.3127			
			-22.5	2	0.051824504			
			-22.5	2	0.045204253			
			-22.5	2	0.013479248			
			-22.63333333	2	0.107487714			
			-22.8	2	0.217317923			
			-22.89017341	3	0.002060241			
			-23	2	0.715994362			
			-23	2	0.1308			
			-23	2	0.104			
			-23.1	2	-0.136446203			
			-23.18181818	2	0.013078258			
			-23.18181818	2	0.006686239			
			-23.18181818	2	0.002991768			
			-23.27	2	0.052863247			
			-23.4	2	0.180871951			
			-23.4	2	0.110813555			
			-23.4	1	0.010442			
			-23.4	1	0.051083528			
			-23.5	3	0.025404			
			-23.51626016	2	0.037168142			
			-23.6	2	0.0078			
			-23.79746835	2	0.01408037			
			-23.8	2	0.266591158			
			-24	2	0.425928035			
			-24	2	0.20910333			
			-24	1	0.0019			
			-24	2	0			
			-24	2	-0.000525			
			-24.134	2	0.08			
			-24.2	2	0.362034375			
			-24.2	2	0.037995914			
			-24.2	1	0.012757902			
			-24.3	2	0.024323785			
			-24.4	2	0.248438855			
			-24.5	2	0.38155574			
			-24.6	2	0.092423968			
			-24.6	2	0.06786497			
			-24.9	2	1.936109871			
			-25	3	0.18478125			
			-25	2	0.068			
			-25	2	0.015356172			
			-25	2	0.013170778			
			-25	2	0.010028854			
			-25	2	0.006305063			
			-25	2	0.003959368			
			-25	2	0.002339283			
			-25	2	0.00003			
			-25	2	-0.162178443			
			-25	3	-0.001			
			-25	3	-0.005			
			-25.07246377	2	0.000675			
			-25.1	2	0.113233862			
			-25.1	2	0.015543628			
			-25.13274336	2	0.010442			
			-25.18	2	0.008424705			
			-25.25316456	2	0.00075			
			-25.3	2	0.097051025			
			-25.5	2	0.019340188			
			-25.5	2	0.015852098			
			-25.8	2	0.011509783			
			-25.8	2	0.010364044			
			-25.99303136	2	0.042477876			
			-26	2	0.051854876			
			-26	2	0.018			
			-26	2	0.013			
			-26	2	-2.99535E-05			
			-26.1	2	0.443487125			
			-26.1	2	0.077237728			
			-26.2	2	0.0183			
			-26.4	2	0.053414314			
			-26.4	2	0.005940194			
			-26.5	2	0.063190456			
			-26.7	2	-0.013145887			
			-26.8	2	0.15518585			
			-26.8	2	0.045916108			
			-27	2	0.012648751			
			-27	2	-0.000525			
			-27	1	-0.0009845			
			-27	2	-1.16278E-05			
			-27.2	2	0.001102738			
			-27.4	3	0.001834			
			-27.5	2	0.017925			
			-27.5257732	1	0.026843139			
			-27.6	2	0.032			
			-27.66839378	1	0.020958312			
			-27.8	2	0.0288			
			-27.8	2	0.001610741			
			-27.97101449	2	0.000075			
			-28	2	0.141			
			-28	2	0.0800456			
			-28	2	0.048668614			
			-28	2	0.025487805			
			-28	2	0.105521082			
			-28.2	2	1.757609758			
			-28.4	3	0			
			-28.6504065	2	0.037168142			
			-28.9	2	0.008025			
			-29	2	0.0858459			
			-29	2	0.02312251			
			-29	2	0.02218476			
			-29	2	0.012577793			
			-29.45736434	2	0.02183168			
			-29.6	2	0.008297647			
			-29.83436507	3	0.008325			
			-29.9	2	0.080654632			
			-29.99	2	0.000266529			
			-30	2	0.0042			
			-30	2	0.147521545			
			-30	2	0.131172608			
			-30	2	0.057899			
			-30	2	0.025			
			-30	2	0.0135			
			-30	2	0.010128784			
			-30	2	0.008856936			
			-30	1	0.005051822			
			-30	2	0.0027			
			-30	2	0.000975			
			-30	1	0.000075			
			-30	1	-0.00015			
			-30	1	-0.00121			
			-30	1	0.001			
			-30	1	0			
			-30	1	-0.001			
			-30.09078735	2	0.025			
			-30.1	2	-0.000375			
			-30.1	2	0.0104648			
			-30.2	2	0.01606681			
			-30.2	2	-0.061393837			
			-30.4	2	0.009654745			
			-30.8	2	0.216683654			
			-30.9	2	-0.00033944			
			-31	2	0.021			
			-31	1	0.00117			
			-31	2	-1.16278E-05			
			-31.1	2	0.028570574			
			-31.58362989	2	0.0012			
			-31.60793103	2	0.030948905			
			-31.7	2	0.027155172			
			-31.8	2	0.019221545			
			-31.8	2	0.009804752			
			-31.9	2	0.016575			
			-31.9	2	0.079349564			
			-31.9	2	0.077237728			
			-31.9	2	0.063024356			
			-31.9	2	0.010679285			
			-31.97854883	3	0.00105			
			-32	2	0.0015			
			-32	2	0.01			
			-32	2	0.001414773			
			-32	1	-0.002			
			-32.3	2	0.03970715			
			-32.3	2	0.195761585			
			-32.44	2	0.003278341			
			-32.697	2	0.06			
			-32.7	1	-0.001513728			
			-32.8	2	0.040125			
			-33	2	0.0009			
			-33	2	0.042			
			-33	2	0.019			
			-33	2	0.00751033			
			-33	2	-0.0000225			
			-33	1	-0.0012555			
			-33.04347826	2	0.152243516			
			-33.05270605	2	0.0015			
			-33.52659095	3	0.000825			
			-33.8	2	0.002325			
			-33.82513661	2	0.023018105			
			-33.93333333	2	0.058235318			
			-34	2	0.000075			
			-34.14507772	1	0.010357255			
			-34.33526012	3	0.001481928			
			-34.454	2	0.07			
			-34.5	2	0.02085			
			-35	2	0.192			
			-35	2	0.019819503			
			-35	2	0.000144631			
			-35	2	-0.27985283			
			-35.1	2	0.044276083			
			-35.26	2	0.0315			
			-35.68202349	2	0.037168142			
			-35.7	2	-0.001244612			
			-35.96899225	2	0.080915645			
			-36	2	0.018			
			-36	2	0.006			
			-36	2	2.50237E-05			
			-36.03758621	2	0.042627737			
			-36.504	1	0.03			
			-36.6	2	0.02625			
			-36.8	2	0.0547352			
			-36.96721311	2	0.021508972			
			-37	2	0.069367775			
			-37	2	0.02085934			
			-37	1	0			
			-37.27848101	2	0.00075			
			-37.5	2	0.010442485			
			-37.5	2	0.090155971			
			-37.8	2	0.31511594			
			-37.8	2	0.014119918			
			-38	1	0.014			
			-38	1	0.0086			
			-38	2	0.0000975			
			-38.1	2	0.102413666			
			-38.1	2	0.045204253			
			-38.13953488	2	0.290628128			
			-38.57	2	0.029579379			
			-38.7	2	-0.440106123			
			-38.80829016	1	0.010554993			
			-38.85501646	3	0.010575			
			-38.9	2	0.014925			
			-39	2	-0.003			
			-39.05045841	2	0.000353319			
			-39.05045841	2	-0.000957173			
			-39.32642487	1	0.12149138			
			-39.42622951	2	0.018239185			
			-39.6	2	0.009241812			
			-39.6	2	0.023967245			
			-39.7	2	0.00015			
			-39.7	2	0.028739521			
			-39.9	2	0.024767349			
			-39.9	2	0.024247098			
			-40	2	0.07425			
			-40	2	-0.000357143			
			-40	1	-0.0009			
			-40	2	-0.001071429			
			-40.34285714	2	0.035620438			
			-40.6	2	0.0021			
			-40.8	2	-0.054979922			
			-40.9	2	0.098047622			
			-40.9	2	0.037373848			
			-40.95	2	0.016711185			
			-41	2	0.0673904			
			-41	2	0.002113821			
			-41	2	-0.00714097			
			-41.2	2	0.007863685			
			-41.3	2	-0.0006			
			-41.8	2	0.00131166			
			-42	1	0.03525			
			-42	2	0.01038756			
			-42.08130081	2	0.042477876			
			-42.1	2	0.296370425			
			-42.1	2	0.011153855			
			-42.15846995	2	0.025533326			
			-42.4	2	0.150983654			
			-42.5	2	-0.000675			
			-42.95336788	1	0.010293301			
			-43	2	0.044			
			-43	3	0.001956522			
			-43	3	0.000782609			
			-43.11	2	0.056596923			
			-43.3	2	0.006525			
			-43.69942197	3	-0.002819277			
			-43.75	2	0.018165532			
			-43.8	2	0.027645163			
			-43.8	2	0.009155725			
			-44.44444444	2	-0.00027606			
			-44.61748634	2	0.021886256			
			-44.65116279	2	0.01708598			
			-44.7	2	0.008475			
			-45	2	0.02			
			-45.1	1	0.000225			
			-45.3	3	0.017954			
			-45.4	2	-0.0018			
			-45.44090092	2	0.042217323			
			-45.70776256	1	0.010413752			
			-46	1	0.00137			
			-46.93956347	2	-0.000931478			
			-46.93956347	2	-0.001085653			
			-46.93956347	2	-0.001316916			
			-46.93956347	2	-0.001753747			
			-46.93956347	2	-0.002062099			
			-47	2	0.01425			
			-47	2	-0.00124334			
			-47.86127168	3	-0.001554217			
			-47.9	2	0.209951228			
			-47.9	2	0.023967245			
			-47.9316625	2	0.060468245			
			-48	1	-0.005357143			
			-48.3	2	0.000225			
			-49	2	0.019			
			-49	1	0.0022			
			-49	1	-0.001			
			-49.5	2	0.062929442			
			-49.5	2	0.01139114			
			-50	2	0.030780042			
			-50	1	-0.00015			
			-50	1	-0.0002			
			-50	1	-0.000225			
			-50	3	0.0171			
			-50	3	-0.001			
			-50	3	-0.006			
			-50.02	2	0.045066229			
			-50.7	2	0.010539023			
			-51.6	2	0.0013851			
			-51.68777429	2	0.035620438			
			-52	2	0.018161672			
			-52	2	0.018161672			
			-52	1	-0.0007			
			-52	2	0.07134515			
			-52.10863734	2	-0.001856531			
			-52.3	2	0.067959884			
			-52.3	2	0.01756055			
			-52.67566332	2	-0.000301927			
			-52.67566332	2	-0.000610278			
			-52.67566332	2	-0.001201285			
			-52.8673428	2	0.037956204			
			-53	2	0.009873275			
			-53.4	2	0.184846475			
			-53.4	2	0.014119918			
			-53.5	2	0.00036			
			-55	2	0.003			
			-55	2	0.01316013			
			-56	2	0.0015			
			-56	3	6.52174E-05			
			-56.3	2	0.504512753			
			-56.5	2	-0.00193			
			-56.58914729	2	0.01328942			
			-57	2	0.027			
			-57	2	-0.001969923			
			-58	2	0.002325			
			-58	2	0.00092			
			-58	2	0.00005			
			-58.23834197	1	0.009957939			
			-58.71939655	2	0.028613139			
			-59.1	2	0.010436664			
			-59.14285714	2	0.28			
			-59.48051948	1	0.089			
			-60	2	0.021			
			-60	2	-0.001969923			
			-60.12584968	2	0.001503728			
			-60.2	3	-0.001514			
			-61.11111111	2	-0.00470158			
			-61.4	2	-0.0021			
			-61.8	2	0.0003			
			-62.3	2	0.092827352			
			-62.3	2	0.013408063			
			-62.9	2	0.13690457			
			-63.10077519	2	0.02562824			
			-65	2	0.0584			
			-65	2	0.033			
			-65	2	-0.00714097			
			-66	2	0.000825			
			-66.44	1	-0.00015			
			-67	1	0.0051			
			-67	1	-0.0003			
			-69	3	0.0310275			
			-70	2	0.024			
			-70	2	0.004924807			
			-70	1	-0.0006805			
			-70.55	1	-0.0012			
			-72	1	-0.0006			
			-72	1	-0.0011			
			-72.55	1	0.021			
			-73	2	0.006			
			-74	2	0.016			
			-75	3	0.0310125			
			-75	1	-0.000829			
			-75.2777775	2	0.01328942			
			-76	1	-0.0001037			
			-76.7	2	0.00015			
			-78.71595331	2	0.00075			
			-78.71595331	2	-0.0001			
			-78.71595331	2	-0.0003			
			-79	2	-0.00024624			
			-80	2	0.02835			
			-80	2	0.00224			
			-80	2	0.0003			
			-80	2	-0.000714286			
			-80	2	-0.001071429			
			-80	2	-0.00176			
			-81	1	0.001477442			
			-81.06212554	2	-0.0001606			
			-81.06212554	2	-0.000211991			
			-81.06212554	2	-0.000224839			
			-81.06212554	2	-0.000276231			
			-81.06212554	2	-0.000507495			
			-81.7	2	0.01091657			
			-81.7	2	0.009077769			
			-82.7	2	0.013826153			
			-82.7	2	0.011053596			
			-83.02	1	0.000225			
			-85.43	1	-0.000225			
			-92.49	2	0.023			
			-97.8	2	-0.533330686			
