Climate	NEE_A	NEE_G	Climate	CH4_A	CH4_G	Climate	N2O_A	N2O_G
1	-0.46	-0.69	1	149	122	2	1.209090909	1.013829237
1	-0.53	-0.66	1	259	178	2	0.127272727	0.086754891
1	-0.45	-0.59	1	69.75	56.25	2	0.445454545	0.326974962
1	-0.55	-0.59	1	24.6	18.09	2	0.190909091	0.196782917
1	-0.597272727	-0.902948403	1	61.65	52.74	2	14.73459426	9.291023402
1	0.152735382	-0.677719152	1	20.85	15.3	2	16.93410616	12.17829433
1	0.036510757	-0.547150963	1	117.45	95.04	2	16.87004271	11.44620036
1	0.44360454	-0.205180995	1	111.6	90.81	2	10.61317877	6.724812419
1	0.039815442	-0.590673575	1	245.475	137.34	2	29.68273337	20.88262663
1	-0.428742548	-1.231089139	1	149.25	126.36	2	14.22208664	10.52977695
1	0.778867317	0.105700186	1	1.8	4.68	1	0.340474812	0.190724851
1	1.074912838	0.360620354	1	7.8	6.12	1	0.490716078	0.284753555
1	-0.527707013	-1.356785967	1	43.425	34.74	1	0.406408029	0.201776866
1	-0.96059528	-1.840122855	1	23.775	17.46	1	0.309129512	0.168713541
1	-0.606288375	-1.477386935	1	28.8	18.81	1	0.376143602	0.201149195
1	-0.168700321	-1.254274087	1	16.575	7.83	1	0.371820112	0.196597575
1	-0.644998621	-1.694473727	1	58.575	50.76	1	0.05292	0.023551913
1	-0.427823896	-1.453268379	1	26.175	19.53	1	0.048796364	0.024907361
1	1.068956357	-0.563567362	1	40.125	30.6	1	0.084809455	0.050289023
1	0.59	-0.92	1	25.875	24.75	1	0.066069818	0.044625018
1	1.26	-0.36	1	32.7	18.54	1	0.063916364	0.024242421
1	-0.6	-1.1496	1	10.575	3.78	1	0.064557818	0.02798429
1	-1.05	-1.5996	1	18.3	15.12	2	38.18181818	33.56572288
1	-0.78	-1.53	1	4.2	3.33	2	7.636363636	4.989162714
1	-0.5304	-1.08	1	14.775	9.81	2	61.09090909	40.51474367
1	-0.04	-0.227586207	1	8.025	2.97	2	3.181818182	2.227128385
1	-0.21	-0.4	1	14.925	6.21	2	23.54545455	5.826302693
1	-0.08	-0.268965517	1	8.475	1.89	2	6.363636364	3.488619137
1	-0.06	-0.317241379	1	46.875	42.03	2	8.909090909	4.259055401
1	-0.37	-0.544827586	1	65.025	55.53	2	3.818181818	2.935815053
1	-0.53	-0.696551724	1	77.1	58.86	2	0.008541794	0.004270897
1	-0.484505112	-0.729934823	1	168.675	142.38	2	0.042708969	0.021354484
1	-0.613118219	-0.920102742	1	-0.375	-0.27	2	0.708968883	0.35661989
1	-0.578354323	-0.961272607	1	296.85	290.88	2	37.1	21.62858206
1	-0.925	-1.42883282	1	0.15	0.18	2	26.79090909	16.20064469
1	-1.546	-1.886377428	1	135.225	126.36	2	36.71818182	13.74908789
1	-0.158181818	-0.231818182	1	1.5	-0.27	2	60.58181818	30.35266475
1	-0.163636364	-0.250909091	1	40.125	20.34	2	2.18	2.006830449
1	-0.128181818	-0.27	1	0.225	-0.36	2	2.8	2.389222716
1	-0.160909091	-0.259090909	1	356.775	310.59	2	1.96	1.755795234
1	-0.158181818	-0.237272727	1	220.425	172.35	2	1.02	0.89496687
1	-0.049090909	-0.130909091	1	-0.675	-0.54	2	1	0.73140917
1	-0.130909091	-0.185454545	1	-0.6	-0.45	2	1.32	1.057635453
1	-0.286363636	-0.387272727	1	-1.8	-3.15	2	1.272727273	1.163831476
1	-0.111818182	-0.166363636	1	97.8	76.41	2	1.272727273	0.836840326
1	-0.18	-0.207272727	1	113.7	107.37	2	7	5.009563009
1	-0.215454545	-0.253636364	1	17.925	18.81	2	3.818181818	1.587041627
1	-0.155454545	-0.196363636	1	6.525	5.22	2	0.636363636	0.729151366
1	0.291845494	-0.25751073	1	16.06681034	11.3299818	2	0.636363636	0.690937053
1	-0.600858369	-1.236051502	1	7.863685345	0.255652287	2	0.572727273	0.506902105
1	-0.291845494	-0.909871245	1	27.15517241	20.12322369	2	0.445454545	0.411430876
1	0.755364807	0.034334764	1	-0.339439655	-0.316281004	2	0.381818182	0.381363427
1	-0.463519313	-0.772532189	1	5.940193966	4.926247814	2	0.254545455	0.197288562
1	-0.326180258	-1.167381974	1	-1.244612069	-0.961952918	2	0.190909091	0.167940411
1	0.858369099	0.480686695	1	2.7108	2.468925583	2	0.254545455	0.063635632
1	-2.472103004	-2.884120172	1	0.0759078	0.054650268	2	0.127272727	0.031181797
1	-1.167381974	-1.493562232	1	1.31166	1.123879615	2	0.190909091	0.116971142
1	0.223175966	-0.034334764	1	1.3851	1.103049805	1	3.014060119	2.597740447
1	-0.785	-1.531	1	6.7068	4.387959574	1	2.839583035	1.861512806
1	-0.497247672	-1.250121228	1	0.29484	0.218631356	1	14.33826491	9.807446574
1	-0.544601083	-1.447548861	1	14.9228697	13.46521792	1	5.730822032	5.372994559
1	-4.695864019	-5.628915347	1	7.530407414	6.4354711	2	22.3019779	1.801838611
1	-4.040783571	-6.035333402	1	2.809667751	2.635787359	2	2.745401045	2.130896701
1	-3.722995442	-6.174532218	1	-0.183810668	-0.178925877	2	7.649136244	2.549790925
1	1.011	-0.463	1	-0.716823565	-0.706122074	2	2.434600926	1.930555986
1	0.44	-0.73	1	-1.294669205	-1.282148993	2	9.997403804	5.992008673
1	1.732	0.248	1	42.47787611	39.02167096	2	2.962443127	1.952775592
1	0.21	-0.51	1	37.16814159	34.14396209	2	0.470909091	0.082727273
1	0.51	-0.54	1	37.16814159	34.14396209	2	0.369090909	0.127272727
1	0.61	-0.58	1	37.16814159	34.14396209	2	0.7	0.216363636
1	0.02	-0.59	1	37.16814159	34.14396209	2	10.94	9.849976887
1	0.82	-0.63	1	37.16814159	34.14396209	2	14.18	0.205958369
1	0.44	-0.95	1	42.47787611	39.02167096	2	5.345454545	3.818181818
1	-0.072	-1.18	1	37.16814159	34.14396209	1	4.136363636	1.781818182
1	-0.005	-0.964	1	31.85840708	29.26625322	1	5.281818182	3.372727273
1	-0.345	-1.176	1	58.40707965	53.56557569	1	7	5.918181818
1	-0.357	-1.151	1	53.09734513	48.6959779	1	2.672727273	1.718181818
1	-0.237853636	-0.29154	1	58.40707965	53.56557569	2	0.13236974	0.129700699
1	-0.255466364	-0.326121818	1	53.09734513	48.6959779	2	-0.000659132	0.035372918
1	-0.471	-1.152	1	53.09734513	48.6959779	2	0.068516217	0.047163891
1	-0.797	-1.684	1	53.09734513	48.6959779	2	0.095353098	0.039303242
1	-0.185727273	-0.519545455	1	53.09734513	48.6959779	2	0.374568848	0.381241449
1	-0.188	-0.487	1	58.40707965	53.56557569	1	0.377098457	0.240545455
1	0.052	-0.071	1	47.78761062	43.82638011	1	0.485756884	0.309272727
1	0.006	-0.234	1	122.1238938	112.0996024	1	0.634314359	0.223363636
1	1.12	0.441	1	106.1946903	97.47791516	2	0.157492384	0.170192809
1	0.234	0.044	1	122.1238938	112.0996024	2	0.2391277	0.105925572
1	0.00101	0.0004	1	111.5044248	102.3518109	2	-0.332858031	-0.371978895
1	0.00023	0.00004	1	106.1946903	97.47791516	2	0.357216073	0.238962121
1	0.136	-0.084	1	111.5044248	102.3518109	2	-0.151488206	-0.243997556
1	0.59	-0.825573123	1	111.5044248	102.3518109	2	0.26972693	0.148393047
1	9.5	7.3	1	122.1238938	112.0996024	2	0.924	0.530348234
1	4	1.3	1	111.5044248	102.3518109	2	0.719090909	0.353243617
1	7.5	5.3	1	4.902761557	5.227284587	2	0.832363636	0.590994604
1	8.8	6.8	1	1.752313132	-0.230952413	2	0.924365607	0.841586598
1	0.012	-0.572267583	1	1.124178926	-0.036015628	2	1.17730147	1.025539952
1	-0.612	-1.006516487	1	17.49062474	5.018917189	2	1.76940133	1.272727273
1	-0.204	-0.789059726	1	170.4	150	2	2.891516794	2.408639238
1	1.224	0.293308275	1	240	219.6	2	4.499958939	3.037529769
1	0.792	0.288537538	1	360	300	2	2.81397793	2.666809811
1	-0.324	-0.869591411	1	130.8	110.4	2	1.489753022	1.126846332
1	1.368	0.455405059	1	117.75	87.81355932	2	1.048344719	0.702991786
1	0.312	-0.095722059	1	122.25	90.18442623	2	3.807146611	0.854735132
1	0.372	-0.285031359	1	99	221.5496536	2	7.007356805	1.32964193
1	0.021	-0.572	1	181.5	408.3083141	2	13.35260116	5.835166357
1	-0.541	-0.932	1	480	428.0009849	1	0.28	1.4175
1	-1.268181818	-1.483068182	1	70	37.1	1	2.905	2.975
1	0.861872727	-0.627709091	1	60	24.6	1	3.3425	2.765
1	-1.64	-1.75	1	140	96.6	1	-2.2925	-1.784013158
1	-2.47	-2.69	1	130	92.3	1	4.55175	1.920059735
1	0.23	-0.61	1	150	109.5	1	3.6925	10.523625
1	-1.27	-2.21	1	170	156.4	1	2.555	3.4125
1	0.72	-0.41	1	150	140	1	8.715	4.585
1	-0.81	-1.15	1	30	20	1	3.4475	2.7825
1	-0.36	-0.84	1	80	70	1	0.123754909	0.008724721
1	-0.76	-1.13	1	30	20	2	0.585454545	0.532829418
1	-0.59	-1.06	1	794.1436257	371.25	2	0.413636364	0.324015152
1	-0.52	-0.88	1	707.5503031	317.25	1	1.906494545	0.997096647
1	-1.448275862	-3.5	1	189.7792986	121.5	1	0.668181818	0.551090909
1	-2.689655172	-2.69	1	228	160.0060269	1	0.421272727	0.355090909
1	-1.75862069	-3.23	1	252	145.0134	1	0.426363636	0.344909091
1	-1.689655172	-3.35	1	252	155.2924781	1	0.412363636	0.344272727
1	-2.206896552	-2.87	1	336	235.7983554	2	1.480754545	1.212718182
2	1.106	0.495	1	288	165.7296	2	0.162972727	0.081581818
2	1.027	0.383	1	288	177.4771178	2	0.551981818	0.198990909
2	2.678	1.805	1	252	176.8487665	2	0.7553	0.690963636
2	6.3	4.080709091	1	300	172.635	1	0.27718	0.24396
2	5.7	3.614581984	1	276	170.0822379	1	-0.024512727	-0.042216364
2	4.9	3.866909509	1	77	71	1	-0.352710909	-0.386756364
2	3	1.547705655	1	65	50	1	-0.034045455	-0.115754545
2	3.9	2.291216324	1	216.675	141.5971125	1	0.355434545	0.326836364
2	3.2	1.80207232	1	325.65	211.95	1	0.330921818	0.418078182
2	-0.63	-0.92	1	258.93	234.59			
2	-0.73	-1.04	1	492.71	475.72			
2	-0.28	-0.76	1	430.34	432.01			
2	2.66	-0.32	1	64.5	60.58			
2	4.51	0.66	1	58.22	56.47			
2	4.61	1.02	1	8.08	9.03			
2	7.6	3.73	1	2.66	2.227691424			
2	1.63	-0.36	1	3.39	2.835330093			
2	4.08	1.7	1	0.2	0.178834197			
2	6.51	2.43	1	4.8618	2.75518206			
2	6.03	2.76	1	-1.40598	-0.6186312			
2	-0.55	-0.88	1	129.4322969	129.0742509			
2	-0.78	-1.07	1	157.9214755	142.8599			
2	-1.3	-1.468235294	1	41.10221228	35.3852983			
2	-3	-3.356707317	1	2.685628284	1.575			
2	-0.53	-0.981869301	1	35.475	33.70125			
2	-0.73	-1.693974359	1	0.5025	0.4824			
2	-0.512727273	-0.928746929	1	9.3	5.301			
2	1.022747492	-0.059066654	1	66.225	60.26475			
2	-0.6433344	-1.233006972	1	45	40.95			
2	-0.94608	-1.562635302	1	15.75	14.9625			
2	-0.94608	-1.60510946	1	58.181976	56.052			
2	-0.68304384	-1.266046419	1	73.98864	71.28			
2	-1.0217664	-1.578280817	1	9.6521544	9.2988			
2	-0.7947072	-1.417662184	1	15.1676712	14.6124			
2	-0.059485676	-0.06050079	1	4.1702688	4.0176			
2	-0.068520189	-0.066591473	1	10.8965088	10.4976			
2	-2.65981241	-3.186507937	1	26.25	21			
2	-1.501082251	-2.554473304	1	492.75	439			
2	-0.602043796	-1.185873606	1	323.25	310			
2	-0.33810219	-0.8133829	1	103.5	87.99999998			
2	-0.022773723	-0.730855019	1	-0.0384	-0.03084			
2	-0.190948905	-0.788847584	1	-0.02865	-0.02361			
2	-0.14189781	-0.791078067	1	15.042	14.538			
2	-1.115912409	-1.368773234	1	96.36846169	75			
2	-0.678	-0.74810733	1	157.3859334	135			
2	-0.758	-0.829894614	1	256.539325	232.5			
2	-0.792	-0.946645598	1	241.2849571	217.5			
2	-0.323	-0.523156915	1	111.6228296	90			
2	-0.321	-0.601660428	1	119.2500136	97.5			
2	-0.574	-0.766814241	1	180.2674854	157.5			
2	-0.593	-0.827878012	1	20.8593404	0.75			
2	-0.429	-0.642620902	1	134.5043815	112.5			
2	-0.542	-0.797944444	1	226.0305892	202.5			
2	-1.462123636	-1.659707912	1	256.539325	232.5			
2	-3.956334545	-4.038758182	1	264.166509	240			
2	-0.258021818	-2.639761678	1	157.3859334	135			
2	-2.200010031	-2.389320751	1	218.4034052	195			
2	-1.60005159	-1.849004459	1	325.1839808	300			
2	-2.450018988	-2.403249538	1	20.8593404	0.75			
2	-5.584	-5.818	1	172.6403014	150			
2	-12.9	-14.41	1	27.72380597	7.5			
2	-2.596858639	-3.380815964	1	180.2674854	157.5			
2	-0.766592942	-1.127735293	1	33.82555315	13.5			
2	-0.676363636	-1.112727273	1	3.197016838	1.356			
2	1.35	1.565217391	1	3.959367819	1.668			
2	2.102727273	0.968181818	1	2.991768497	1.272			
2	0.790909091	-0.007009091	1	3.900725436	1.644			
2	-6	-6.794734203	1	6.305063146	2.628			
2	-2.18	-2.97480958	1	6.686238637	2.784			
2	-2.29	-3.053333333	1	8.76804324	3.636			
2	-2.62	-3.626159696	1	10.02885448	4.152			
2	-2.84	-3.508235294	1	13.0782584	5.4			
2	-1.26	-2.106412214	1	197.85	150.075			
2	0.792102217	0.73217185	1	38.625	15.525			
2	-0.917490638	-0.784487972	1	176.3793104	165			
2	-2.048698099	-1.737728405	1	435.872093	382.5			
2	0.532521615	0.475482353	1	293.4782609	225			
2	-4.46	-5.43	1	1573.965518	1530			
2	-3.11	-3.27	1	296.505	247.5			
2	-2.32	-2.83	1	465	435			
2	-8.65095054	-9.411877053	1	367.5	322.5			
2	-6.617962958	-7.408193992	1	225	172.5			
2	-0.822615474	-2.050399546	1	1342.5	1305			
2	-3.511790332	-5.019266352	1	472.5	435			
2	-1.79	-1.673780522	1	320.6896552	300			
2	0.445143389	0.33832143	1	225	172.5			
2	0.498820674	0.322286013	1	594.0948276	577.5			
2	-2.874198393	-3.093675934	1	600	480			
2	-0.242520676	-0.469676082	1	62.64762708	41.25			
2	-1.532251289	-2.026887066	1	49.27028959	32.25			
2	0.694736842	-2.292631579	1	18	16.02			
2	-3.3776	-4.142719879	1	25	22			
2	-4.9875	-5.157473582	1	13	13			
2	1.23516	-0.180018	1	105	89.25			
2	-4.017190909	-4.44005311	1	180	149.4			
2	-6.264109091	-6.912120376	1	141	118.44			
2	-5.260009091	-5.698343182	1	143	102.96			
2	-6.684463636	-7.002771429	1	189	117.18			
2	-0.65	-4.0625	1	236	174.64			
2	-0.366818182	-1.021090909	1	185	155.4			
2	-0.412636364	-0.666424501	1	233.3157329	209.685			
2	-0.530181818	-0.947933776	1	44.5036107	24			
2	-0.55	-0.88	1	0.025023708	0.015			
2	-0.78	-1.07	1	0.144630809	0.0075			
2	0.42	-0.065	1	0.166926372	0.0225			
2	0.61	0.165	1	0.211517497	0.0525			
2	0.79	0.161	1	22.31756769	14.925			
2	-0.06	-0.489	1	28.89475862	19.35			
2	2.46	0.62	1	8.940230204	5.925			
2	2.44	0.05	1	-0.029953526	-0.0075			
2	6.63	2.45	1	-0.011627781	0			
2	1.033	-2.688	1	-0.011627781	0			
2	2.628	-2.1	1	0.0975	0.0225			
2	1.756	-2.835	1	0.075	0			
3	8.934	7.401284602	1	0.24	0.045			
3	5.178	4.523993737	1	0.495	0.0675			
3	4.102	3.52484332	1	40.05	27.6			
			1	27.75	19.8			
			1	8.1	5.4			
			1	0.03	0.015			
			1	-0.0225	0.0075			
			1	72.5	34.05			
			1	223.4881945	200			
			1	223.4881945	200			
			1	264.166509	240			
			1	3.527972153	1.492992			
			1	3.717760897	1.679616			
			1	0.495042409	0.20736			
			1	53.65623147	33			
			1	229.5	218.04795			
			1	134.25	122.78505			
			1	325.5	314.0424			
			1	177	165.5127			
			1	104.25	92.76165			
			1	100.1820537	78.75			
			1	129.5619663	107.64			
			1	42.61206908	22.14			
			1	124.3449725	102.51			
			1	20.29492879	0.195			
			1	20.096622	0			
			1	42.10867494	21.645			
			1	81.57172479	60.45			
			1	71.16061868	50.2125			
			1	152.1689396	129.87			
			1	80.18357731	59.085			
			1	103.9803913	82.485			
			1	178.7420486	156			
			1	105.5210825	84			
			1	251.9630147	228			
			1	300.7769921	276			
			1	189.975	183.645			
			1	166.875	160.545			
			1	61.3425	56.595			
			1	89.0625	84.315			
			1	128.0325	120.12			
			1	270.0975	262.185			
			1	258.63	233.31			
			1	542.76	517.44			
			1	313.0875	295.68			
			1	240.3225	222.915			
			1	127.7325	116.655			
			1	94.2375	83.16			
			1	204.39	191.73			
			1	198.3	106.8837			
			1	253.8	144.1584			
			1	6.766202939	4.677225			
			1	6.512827887	4.428075			
			1	7.69908381	5.59455			
			1	4.941902568	2.883345			
			1	3.495361366	1.460925			
			1	3.94452623	1.9026			
			1	4.693134336	2.638725			
			1	24.76734864	22.3782			
			1	13.82615324	11.61945			
			1	4.74057542	2.685375			
			1	6.951314694	4.85925			
			1	7.601532127	5.498625			
			1	3.865737419	1.825125			
			1	3.830271014	1.79025			
			1	4.527776988	2.476125			
			1	5.367148583	3.3015			
			1	24.24709842	21.866625			
			1	11.05359559	8.893125			
			1	36.6	35.7			
			1	6.075	3.699999998			
			1	15.9	14.00525			
			1	5.925	5.720000003			
			1	60.375	32.266			
			1	85.35	70.68			
			1	60.825	55.2			
			1	102.3	94.41249998			
			1	4.65	2.776666673			
			1	29.25	27.972			
			1	32.025	23.94275			
			1	454.5	440.635			
			1	3.525	0.993999998			
			1	32.85	11.74125			
			1	35.85	30.26725			
			1	4.05	3.672500003			
			1	36.50793651	23			
			1	56.09756098	23			
			1	10.7928	7.2			
			1	29.6802	19.8			
			1	115.893825	97.5			
			1	13.7385	12.2445			
			1	9.1365	8.091			
			1	-3.0135	-2.54925			
			1	-4.22025	3.83625			
			1	195	165			
			1	465	435			
			1	330	300			
			1	427.5	382.5			
			1	367.5	322.5			
			1	277.5	225			
			1	225	172.5			
			1	225	172.5			
			1	1567.5	1530			
			1	1342.5	1305			
			1	615	577.5			
			1	0.075	1.725			
			1	-0.15	-2.1			
			1	-0.15	-9.15			
			1	-0.225	-6.3			
			1	-4.70158	-3.03024			
			1	-0.27606	0.28248			
			1	-5.243	-3.8413			
			1	-1.24334	-0.87526			
			1	-0.38306	-2.40322			
			1	10.38756	0.64414			
			1	16.7394958	12.7554958			
			1	1.414772727	1.165772727			
			1	24.20833333	20.72233333			
			1	11.89490446	10.02740446			
			1	7.323529412	7.199029412			
			1	31.125	30.876			
			1	351	263.25			
			2	0.15	0.084264628			
			2	2.1	1.564082977			
			2	13.5	12.15155762			
			2	0.9	0.651279707			
			2	-0.3	-0.299089226			
			2	1.2	0.216682824			
			2	0.3	0.12535946			
			2	-0.6	-0.252305435			
			2	0	0			
			2	1.2	0.502225682			
			2	-0.15	-0.109097109			
			2	-1.2	-1.230389667			
			2	0.225	-0.318774236			
			2	21	297.9151604			
			2	-0.225	0.006971692			
			2	2.85	0.926375852			
			2	35.25	20.03001029			
			2	0.225	0.209856598			
			2	1149	1115.25			
			2	154.5	147.75			
			2	37.5	25.5			
			2	1.9	1.3			
			2	1.17	0.36			
			2	1.37	0.76			
			2	2.325	1.257219192			
			2	2.25	0.993259457			
			2	2.325	1.501571003			
			2	-2.1	-1.82513588			
			2	3	1.030478461			
			2	-3	-6.019132445			
			2	104	77.95397002			
			2	203	133.0344926			
			2	21	13.20420705			
			2	141	93.94927524			
			2	3.75	2.796274264			
			2	9.75	6.698728241			
			2	0.75	0.206995878			
			2	12.75	15.49326876			
			2	38.25	30.55247329			
			2	75.75	70.97678833			
			2	3	3.193376646			
			2	3.75	3.33677587			
			2	3.75	2.165304335			
			2	12	8.207696908			
			2	0	0			
			2	79.5	46.63315338			
			2	7.626713287	-0.753846154			
			2	0.26652926	-0.070283401			
			2	6.33006993	7.646153846			
			2	91.99020979	65.58461538			
			2	3.27834087	2.701543739			
			2	52.86324653	49.06003431			
			2	15.465	15.7425			
			2	1.5	1.77			
			2	14.3175	14.4375			
			2	216.6836538	167.8298077			
			2	150.9836538	114.7644231			
			2	249	184			
			2	1.428837245	1.333812245			
			2	3.321190561	1.658253061			
			2	1.10273801	0.86517551			
			2	1.610740561	1.658253061			
			2	51.0835275	48.09024			
			2	25.34142857	18.99386503			
			2	25.34142857	18.99386503			
			2	25.34142857	18.99386503			
			2	25.34142857	18.99386503			
			2	563	419.998			
			2	160	148.1020535			
			2	2.07887506	2.282795473			
			2	3.14968033	1.35152069			
			2	12.92918103	10.90179148			
			2	3.736883971	2.687559344			
			2	8.164538056	6.361329943			
			2	2.50125	1.883367806			
			2	12.26705357	10.57671194			
			2	2.98875	3.139416349			
			2	47.11714286	42.55787646			
			2	90.04065041	83.94308943			
			2	70.0203252	65.14227642			
			2	53.67886179	50.26422764			
			2	25.48780488	24.02439024			
			2	2.113821138	1.869918699			
			2	90	86.05966598			
			2	55.69672131	51.58114523			
			2	30.6147541	29.93191304			
			2	26.92622951	6.969811888			
			2	8.114754098	2.039249446			
			2	1.475409836	0.549206925			
			2	30.97176196	5.796966161			
			2	6.305513419	3.787351225			
			3	105.12	96.4678349			
			3	52.925	52.4217899			
			3	56.94	50.66794778			
			2	277.6	181.3653333			
			2	287.5	200.7543103			
			2	93.075	72.927			
			2	1.8375	1.51875			
			2	1.5075	1.22484375			
			2	0.7046325	0.73584			
			2	2314.125	2213.51087			
			2	479.925	431.9325			
			2	628.875	571.7045455			
			2	45.06622872	31			
			2	29.57937917	16.3			
			2	-6.9255	-5.3055			
			2	40.44642857	40			
			2	48.83928571	43			
			2	53.66071429	42			
			2	57.32142857	48			
			2	41.25	33.75			
			2	52.5	43.68396226			
			2	292	234			
			2	8.25	6.75			
			2	30	11.25			
			2	203.6220694	181.5			
			2	217.3179227	194.5			
			2	58.23531847	43.5			
			2	44.27608333	30.25			
			2	138.0400024	119.25			
			2	107.4877141	90.24999998			
			2	266.449995	254.7261952			
			2	412.5	374.55			
			2	525	497.7			
			2	562.5	525.375			
			2	675	661.5			
			2	892.5	874.65			
			2	134.2927631	115			
			2	133.125	114			
			2	2.255375753	0.02754			
			2	303.6	233.775			
			2	14.4	3.975			
			2	3.6	2.7			
			2	-4.8	-2.7			
			2	2.7	1.275			
			2	0.975	2.025			
								
								
								
								
								
								
								
								
								
								
								
								
								
								
								
								
								
								
								
								
								
								
								
								
								
								
								
								
								
								
								
								
								
								
								
								
								
								
								
								
								
								
								
								
								
								
								
								
								
								
								
								
								
								
								
								
								
								
								
								
								
								
								
								
								
